[LEFT_CAM_2K]
cx=1084.05
cy=674.166
fx=1397.5
fy=1397.5
k1=-0.172255
k2=0.0270683

[LEFT_CAM_FHD]
cx=940.052
cy=593.166
fx=1397.5
fy=1397.5
k1=-0.172255
k2=0.0270683

[LEFT_CAM_HD]
cx=628.526
cy=385.083
fx=698.749
fy=698.749
k1=-0.172255
k2=0.0270683

[LEFT_CAM_VGA]
cx=329.263
cy=199.542
fx=349.375
fy=349.375
k1=-0.172255
k2=0.0270683

[RIGHT_CAM_2K]
cx=1133.61
cy=651.854
fx=1399.32
fy=1399.32
k1=-0.172118
k2=0.0265918

[RIGHT_CAM_FHD]
cx=989.613
cy=570.854
fx=1399.32
fy=1399.32
k1=-0.172118
k2=0.0265918

[RIGHT_CAM_HD]
cx=653.307
cy=373.927
fx=699.659
fy=699.659
k1=-0.172118
k2=0.0265918

[RIGHT_CAM_VGA]
cx=341.653
cy=193.963
fx=349.829
fy=349.829
k1=-0.172118
k2=0.0265918

[STEREO]
BaseLine=120.099
CV_2K=-0.00071788
CV_FHD=-0.00071788
CV_HD=-0.00071788
CV_VGA=-0.00071788
RX_2K=-0.00536001
RX_FHD=-0.00536001
RX_HD=-0.00536001
RX_VGA=-0.00536001
RZ_2K=-0.00187354
RZ_FHD=-0.00187354
RZ_HD=-0.00187354
RZ_VGA=-0.00187354
